1230.0
1540.0
150.0
1840.0
630.0
-120.0
-20.0
230.0
1620.0
-130.0
160.0
1810.0
940.0
840.0
1100.0
500.0
250.0
190.0
1020.0
630.0
440.0
410.0
960.0
240.0
920.0
1430.0
1250.0
420.0
1070.0
970.0
-180.0
-20.0
270.0
1290.0
1630.0
-440.0
240.0
650.0
800.0
240.0
1560.0
520.0
450.0
220.0
650.0
890.0
810.0
1420.0
640.0
850.0
890.0
240.0
1080.0
1550.0
700.0
560.0
1320.0
890.0
440.0
1000.0
660.0
700.0
660.0
1430.0
770.0
480.0
2360.0
1150.0
420.0
-530.0
10.0
-350.0
210.0
-100.0
1230.0
350.0
1830.0
620.0
1460.0
560.0
390.0
330.0
-210.0
-830.0
-310.0
840.0
1220.0
780.0
620.0
660.0
1160.0
570.0
370.0
1230.0
1650.0
570.0
1420.0
80.0
650.0
1420.0
890.0
500.0
110.0
130.0
590.0
1370.0
570.0
1040.0
1420.0
2210.0
1210.0
730.0
1170.0
-450.0
500.0
530.0
1300.0
360.0
760.0
120.0
730.0
580.0
800.0
1500.0
-300.0
900.0
890.0
730.0
310.0
370.0
-480.0
150.0
-240.0
330.0
420.0
520.0
900.0
1940.0
350.0
1570.0
850.0
310.0
880.0
0.0
1320.0
690.0
-10.0
640.0
1060.0
1170.0
-540.0
820.0
1260.0
680.0
350.0
1030.0
290.0
1860.0
150.0
1990.0
400.0
350.0
1170.0
850.0
300.0
870.0
280.0
660.0
20.0
1110.0
1050.0
360.0
590.0
1150.0
1340.0
1130.0
960.0
70.0
580.0
-150.0
-200.0
1240.0
1030.0
1320.0
910.0
510.0
-110.0
220.0
1170.0
1020.0
970.0
1360.0
340.0
0.0
1890.0
-20.0
-90.0
980.0
1570.0
600.0
-7470.0
-6820.0
-8760.0
-9540.0
-6550.0
-6250.0
-7920.0
-8280.0
-6810.0
-7460.0
-6950.0
-9640.0
-6710.0
-7650.0
-7800.0
-9200.0
-6110.0
-6420.0
-7750.0
-9780.0
-8000.0
-6190.0
-7500.0
-9590.0
-9620.0
-7840.0
-8080.0
-6090.0
-7270.0
-9020.0
-7930.0
-7600.0
-9430.0
-7710.0
-6120.0
-7930.0
-6750.0
-7570.0
-8810.0
-7400.0
-8910.0
-8150.0
-8030.0
-7030.0
-8080.0
-7730.0
-8600.0
-8920.0
-7760.0
-8860.0
-7870.0
-7080.0
-7620.0
-6440.0
-8850.0
-6310.0
-7580.0
-9650.0
-6570.0
-8760.0
-8960.0
-9460.0
-6900.0
-7760.0
-7250.0
-7930.0
-8470.0
-7290.0
-7920.0
-7510.0
-8690.0
-7610.0
-7370.0
-9100.0
-9170.0
-7990.0
-8120.0
-10440.0
-9130.0
-8480.0
-8380.0
-9000.0
-8480.0
-7390.0
-7670.0
-7580.0
-10280.0
-6780.0
