0.18
0.26
0.25
0.2
0.22
0.22
0.17
0.27
0.18
0.17
0.18
0.18
0.27
0.19
0.2
0.17
0.14
0.21
0.22
0.24
0.21
0.18
0.15
0.28
0.24
0.25
0.22
0.14
0.2
0.18
0.2
0.2
0.17
0.1
0.23
0.31
0.24
0.19
0.22
0.18
0.24
0.25
0.16
0.14
0.2
0.2
0.23
0.2
0.22
0.22
0.19
0.2
0.18
0.22
0.2
0.16
0.13
0.17
0.22
0.22
0.2
0.19
0.17
0.23
0.16
0.23
0.2
0.19
0.15
0.18
0.17
0.16
0.29
0.11
0.18
0.16
0.15
0.25
0.2
0.18
0.19
0.21
0.17
0.2
0.18
0.26
0.24
0.18
0.22
0.16
0.16
0.17
0.13
0.18
0.14
0.18
0.2
0.18
0.24
0.22
0.21
0.22
0.24
0.23
0.18
0.2
0.25
0.16
0.15
0.15
0.14
0.17
0.21
0.26
0.19
0.24
0.23
0.14
0.19
0.22
0.16
0.08
0.25
0.22
0.12
0.24
0.2
0.18
0.18
0.2
0.2
0.23
0.23
0.18
0.22
0.19
0.22
0.23
0.19
0.19
0.18
0.19
0.16
0.19
0.23
0.14
0.14
0.2
0.26
0.23
0.24
0.22
0.18
0.21
0.16
0.19
0.2
0.19
0.22
0.17
0.18
0.23
0.26
0.19
0.21
0.21
0.17
0.17
0.21
0.19
0.25
0.24
0.19
0.19
0.19
0.24
0.19
0.21
0.16
0.25
0.18
0.19
0.15
0.16
0.19
0.17
0.2
0.24
0.19
0.13
0.16
0.15
0.32
0.15
0.13
0.2
0.15
0.28
0.2
0.2
0.19
0.21
0.17
0.13
0.14
0.2
0.17
0.28
0.23
0.18
0.2
0.19
0.29
0.23
0.22
0.27
0.15
0.18
0.17
0.21
0.21
0.15
0.26
0.2
0.16
0.16
0.26
0.24
0.17
0.2
0.21
0.16
0.18
0.2
0.19
0.27
0.18
0.25
0.22
0.15
0.17
0.18
0.26
0.15
0.18
0.13
0.16
0.19
0.18
0.18
0.14
0.13
0.18
0.13
0.14
0.26
0.19
0.19
0.15
0.17
0.23
0.24
0.18
0.11
0.2
0.21
0.17
0.2
0.17
0.19
0.18
0.23
0.28
0.23
0.24
0.18
0.19
0.19
0.19
0.19
0.24
0.22
0.2
0.22
0.23
0.18
0.2
0.13
0.19
0.25
0.19
0.24
0.18
0.15
0.14
0.15
0.15
0.19
0.11
