0.1671097290918568
0.21387634716969858
0.447610526805318
0.7546809472580774
0.4632532818883399
1.197810247096809
0.5542633221967183
0.5560652174505815
0.7845067424414709
0.8818689434264234
1.1590115535915448
1.153401470440736
1.1035045191725925
1.1256089642446325
1.1424004461345953
-0.10947784969569782
0.1914347112467733
0.3745616373911346
0.451786638669136
-0.1506271247039738
0.7985975230759215
0.6379177076810163
0.8723164550665171
0.6942698154814723
0.6152414274246912
1.112456822090309
1.198466083605814
1.2127268360274723
1.1462785181158495
1.155674433379719
2.1921560198630285E-4
0.3906148797242088
0.1606067878297027
0.4401418433592126
0.30110540796203167
0.6375733740733449
0.5615288172348017
0.7282124427380834
0.46890899856178025
0.5265453097456873
1.1065438207535743
0.9344790225467994
0.670013286391165
0.964198803390456
0.8892607026850242
-0.19821841082771902
-0.15824224959632816
-0.0985986568380022
-0.15895000020183087
-0.22039182120979908
0.23791789072649025
0.22119758226831607
0.21741359072146776
0.21829479967092605
0.1213960544544703
0.8279248305238777
0.5640873078879615
0.534523691219354
0.3904230622477862
0.5310603294141647
-0.1451871060806745
-0.14707025771525603
0.21373736994881734
0.30187255098538235
0.16863758992597921
0.45319902636519305
0.36797366066341597
0.4294003824898748
0.46350047944689693
0.4371915338447966
0.8220669867686672
0.5094162188977063
0.6031173917249061
0.5532051912617629
0.5640533227210301
0.2022365266742958
-0.07561162235671483
0.03264938666634369
0.07281679253149166
-0.03142098212951529
0.1807514339186952
0.38122461198054847
0.344747499458561
0.3104837480095494
0.36543944402548517
0.5288298811927001
0.4530753886747687
0.35420412496360787
0.3593879782515995
0.3698812120245876
0.13653717726014672
-0.03638741010904761
-0.1367576298509547
-0.1530872594003265
-0.29213212670089495
0.23324276035329705
0.25206314849606803
0.20985015286591113
0.2608707623620296
0.24861280678889963
0.4251337641611497
0.36129925121819834
0.3192874539017462
0.3210796421607638
0.3102306188880731
-0.17619028324451672
-0.1802945627866104
0.030474619587872804
-0.15819426362142663
-0.23677201895070926
0.1591551595712478
0.18388817943400568
0.23432917267096778
0.18680878898216663
0.22430971099786326
0.44973319533493883
0.3168271252063658
0.30283147996044046
0.23149952441369256
0.27036190750565847
-0.2234977370875285
0.09796269554208817
-0.2703449633399473
-0.011826414727696547
-0.011185316748136453
0.19251387370822445
0.21643722913017385
0.22047745250431716
0.23295251661025654
0.13113720484693425
0.2888973031768355
0.2942527218985048
0.29297760981110166
0.35227587220126677
0.28973275540700355
0.39675869363379546
0.6124382650418038
0.7498593231940974
0.5157754615397874
0.5965862953408978
1.202395053217661
1.1605136977860053
1.085154861298942
1.0229434606897456
1.1604371413025376
1.168440902307474
1.1925509990456122
1.181108476498514
1.1743542335691206
1.1744418856838699
0.9404026616844169
0.789713030717896
0.13901388966396705
0.5149041884639751
0.733933246617576
1.2345634484965986
0.8339150535067835
1.0032827785565204
0.8703544899927769
0.931815486216949
1.120523840037584
1.1391283774657048
1.1585752309210469
1.1564202120743414
1.143667625483705
0.791936472358367
0.3416075057484331
0.46128681922641257
0.5292367300826848
0.3337401342524537
0.8773795494559936
0.791020364030824
0.8777810944437885
0.7828664846527805
0.8145587561310638
2.076353823874287
1.2655674590340646
1.0280708095040392
1.0360036450232224
1.0314028594834825
-0.05126357574935974
-0.05400855184306248
-0.0493130343548487
0.23765513866816118
-0.0827884886887303
0.41208352697842976
0.36697952945371515
0.4133630651842706
0.38900965617557626
0.4134736702031603
0.5638157874832873
0.4664950726423191
0.5315493314374369
0.4430351149241576
0.4679302939696906
-0.132652250503698
0.0350957600744973
-0.26654504184105365
-0.1959464893486827
-0.058282410360687875
0.28251046786486766
0.26363043263772135
0.22717985811892055
0.2911177665697644
0.2889086585281366
0.3629675485629612
0.36927868783362444
0.36119159301065284
0.5313570822330667
0.3374045075784668
0.04475696397261797
-0.009897225551952799
0.03756875858417305
0.1464420517674802
0.055364268432661276
0.2820362105244076
0.2758750862193269
0.2710059486567206
0.30752190572557353
0.2719656092245811
0.4232766546040684
0.4359202116511058
0.4754666764637718
0.43566430481390717
0.4005525990913418
-0.24242922278700535
-0.21678860773877806
-0.14928249896768864
-0.07727300137026152
-0.35879090007936176
0.3219612416230008
0.17793599789035974
0.14150576553300132
0.17494135605090205
0.2125968439308683
0.3465738951261469
0.23663588654924228
0.22895688041893478
0.24180418275404303
0.25927536424475717
-0.37321811140616945
-0.40091506382118297
-0.4735400312439027
-0.15146373029732343
-0.42863692071598614
0.003633247260225278
-0.030460932985329207
0.03156846155445026
0.07171246579278492
0.03257803842453945
0.1453035289121332
0.12752295721214765
0.15819297812738448
0.1449494427291847
0.15324942396220315
-0.4022081282796256
-0.5903738445506099
-0.4066156495434026
-0.47856056290019555
-0.20011685093610235
0.06685841737586493
0.08020875514611304
0.19986931957796533
0.09221126137664828
0.07912739330637604
0.13548195013003883
0.171268328669407
0.26787229901191245
0.1512364216220313
0.1508832541357257
0.4907313838114617
0.6067931628470264
0.44186981975554507
0.3657864016656789
0.45571625931375986
1.200172339028773
1.1124254118302972
1.1745209683660942
1.1584184807923261
1.1776969259736307
1.3617976269368222
1.3800736331815013
1.5205901105003976
1.3744823428156199
1.3823450289224146
0.16470068058421136
0.5102819171625403
0.4158452530702247
0.6605432943364559
0.45947739282683486
0.8564701549153336
0.9567571724736813
0.7564717757252246
1.0143465323800018
0.689380543596809
1.125601855446495
1.1409977285473687
1.1423669089448714
0.9790313181419892
1.2476133982261326
0.6382614868324288
0.44659597747121016
0.5215740569478268
0.21851489620861242
0.57427559164019
1.1413741933653054
0.9322802242609776
0.9003627871269899
1.223743926961417
0.7783732875209134
1.5492245891334504
1.4235490149444907
1.4461320770747905
1.3932577986773784
1.4621271226209538
-0.03050454518336427
0.06308812446110576
0.29691328014096807
-0.03252610235350136
-0.0811924952335287
0.3390699455745454
0.38833488785148024
0.37079343870722153
0.38658662187494275
0.36029158647612264
0.48808411713127575
0.5032308751975804
0.6038454825675181
0.49633265601046256
0.4722949139664602
-0.27162813391166674
0.005243698157578622
-0.28838349401667196
-0.2728711942630167
-0.25717302732546177
0.22977589074901966
0.20803259458984363
0.1916363135838711
0.45526948975704995
0.22668819294547718
0.553640711210674
0.4612402906560662
0.5627706993088948
0.41509185616615285
0.5225039635584942
-0.18216254820122696
-0.37274492906544227
0.024337898100415326
0.3263847230052009
-0.13965117532319835
0.11691405157758283
0.3867441907534062
0.28977801976676987
0.23271303319511505
0.25031616853786576
0.6828439459857555
0.6157732073823939
0.5195752303253018
0.39020558708020625
0.5773456066816355
-0.5274066166332896
-0.39711831597875136
-0.9002470203229972
-0.7827260025326659
-0.534782123040394
-0.14844412420526193
-0.20252737859786182
-0.2520775178115404
-0.17325343003813712
-0.18466861651120797
0.07957547285709207
0.01856776068578552
-0.022322510559333306
-0.02603827263516855
-0.025811961021645822
-0.3455019755641977
-0.4886064376741696
-0.7456906028008012
-0.5763504659400684
-0.53134748477183
-0.1218586883099502
-0.22845499025119048
-0.15513580716317898
0.013966691341708599
-0.16334082753341778
0.11197110491217933
0.027420198905247724
0.053254036096604264
0.009923318978623433
0.022140626770116304
-0.48691432012684643
-0.5776358486564274
-0.28804192192023853
-0.5541559872475793
-0.5861332295200875
-0.1567468477807291
-0.1790590033693301
-0.13057335332883643
-0.04596438761126787
-0.1162151846016467
0.0757137676512753
0.08712337476323881
0.06374294834537746
0.05368688884325003
0.06116314903035254
